il	pct_iso-alkanes	pct_anteiso-alkanes	Methyl_Index	n-alkane_CPI	n-alkane_ACL	anteiso_CPI	anteiso_ACL	iso_CPI	iso_ACL	eps13C_i.C31	eps13C_n.C31	eps13C_i.C33	eps13C_n.C33	n31-i31	n33-i33	Sum_Alk/area
cvM82	7.27	6.83	0.14	12.4	31.3	0.26	32.1	10.8	31.8	-14.5	-16.0	-14.2	-15.5	1.5	1.2	9.0
cvM82	5.89	6.33	0.12	12.1	31.4	0.27	32.2	7.7	31.9	-20.0	-22.6	-20.8	-22.3	2.6	1.6	7.1
cvM82	6.20	5.88	0.12	10.9	31.3	0.16	32.1	10.3	32.0	-18.4	-20.0	-18.5	-19.3	1.7	0.8	9.8
IL_1.1	6.13	4.94	0.11	15.0	31.4	0.27	32.0	13.4	31.8	-17.1	-18.8	-17.0	-18.4	1.7	1.5	4.2
IL_1.1	5.60	5.80	0.11	12.6	31.3	0.12	32.1	9.9	31.7	-18.8	-20.1	-18.6	-19.5	1.2	0.9	1.9
IL_1.1	7.78	7.42	0.15	12.6	31.3	0.18	31.9	18.6	31.6	-19.6	-21.3	-20.1	-21.0	1.8	0.9	4.8
IL_1.1.2	10.51	11.29	0.22	12.0	31.2	0.17	32.0	16.8	31.7	-18.0	-19.7	-17.9	-18.9	1.7	1.0	2.5
IL_1.1.2	8.94	9.58	0.19	11.4	31.3	0.21	32.1	13.4	31.8	-16.0	-17.5	-15.8	-17.2	1.6	1.4	2.2
IL_1.1.2	7.35	7.34	0.15	10.8	31.3	0.16	32.1	16.1	31.7	-18.9	-20.3	-19.1	-19.6	1.4	0.5	4.2
IL_1.1.3	10.78	10.48	0.21	10.1	31.3	0.15	32.0	9.5	31.7	-16.0	-17.0	-16.1	-16.7	1.0	0.5	0.5
IL_1.2	6.05	6.58	0.13	14.6	31.3	0.24	32.0	11.0	31.7	-19.6	-20.9	-20.8	-21.6	1.3	0.8	3.1
IL_1.2	5.08	5.08	0.10	15.2	31.4	0.31	32.1	8.3	31.7	NA	NA	NA	NA	NA	NA	5.4
IL_1.2	6.30	7.69	0.14	13.1	31.2	0.17	31.9	14.0	31.5	-17.2	-19.1	-17.0	-18.7	1.8	1.7	7.1
IL_1.3	11.13	6.12	0.17	14.1	31.3	0.31	32.1	13.7	31.7	NA	NA	NA	NA	NA	NA	8.0
IL_1.3	12.10	4.59	0.17	14.8	31.3	0.14	32.2	16.0	31.6	-19.8	-21.7	-19.6	-21.2	1.9	1.5	7.4
IL_1.4	8.76	8.63	0.17	10.6	31.4	0.21	32.1	13.3	31.9	-14.9	-16.3	-14.5	-16.0	1.4	1.5	2.9
IL_1.4	7.38	6.81	0.14	11.6	31.5	0.19	32.1	8.2	31.9	-18.5	-20.5	-18.7	-19.6	2.0	0.9	1.6
IL_1.4	11.16	12.31	0.23	9.6	31.1	0.15	32.0	14.8	31.5	-17.1	-19.1	-16.6	-18.5	2.0	1.9	6.7
IL_1.4.18	7.58	5.61	0.13	12.6	31.5	0.23	32.2	13.3	32.0	-16.1	-18.7	-15.9	-18.1	2.5	2.1	4.9
IL_1.4.18	8.80	7.02	0.16	11.9	31.3	0.11	32.1	21.2	31.8	-18.2	-20.9	-18.5	-20.2	2.7	1.7	0.4
IL_1.4.18	11.89	8.38	0.20	10.5	31.3	0.18	32.0	17.9	31.7	-21.6	-23.3	-21.3	-22.8	1.8	1.5	4.1
IL_10.1	5.21	6.27	0.11	13.0	31.4	0.24	32.1	9.1	31.9	-14.6	-16.1	-14.0	-15.6	1.5	1.6	7.1
IL_10.1	5.49	6.62	0.12	12.3	31.4	0.24	32.1	7.6	31.9	-17.8	-19.6	-17.8	-19.2	1.8	1.3	3.0
IL_10.1	5.98	7.67	0.14	12.4	31.3	0.19	32.0	12.3	31.7	NA	NA	NA	NA	NA	NA	5.9
IL_10.1.1	5.12	4.90	0.10	13.6	31.4	0.27	32.1	10.3	31.9	NA	NA	NA	NA	NA	NA	15.7
IL_10.1.1	6.43	8.32	0.15	12.8	31.3	0.12	32.1	11.3	31.8	-17.1	-18.3	-16.5	-17.8	1.2	1.3	2.1
IL_10.2	5.88	8.68	0.15	17.4	31.4	0.16	32.1	15.7	31.8	-19.6	-21.6	-19.6	-21.3	2.1	1.7	12.2
IL_10.2	6.70	7.86	0.15	14.9	31.4	0.20	32.1	10.2	31.8	-20.3	-23.9	-20.3	-23.7	3.5	3.3	4.2
IL_10.2	8.64	10.29	0.19	16.1	31.3	0.06	32.1	19.9	31.6	-17.0	-19.0	-16.8	-18.5	2.0	1.6	9.8
IL_10.2.2	9.28	9.06	0.18	13.2	31.3	0.21	32.1	16.1	31.8	-20.9	-23.1	-21.1	-22.6	2.2	1.6	6.3
IL_10.2.2	5.99	7.76	0.14	15.7	31.4	0.19	32.1	12.0	31.7	-16.4	-17.4	-15.9	-17.0	1.0	1.1	3.7
IL_10.2.2	7.49	8.07	0.16	14.6	31.2	0.07	32.1	20.2	31.6	-19.7	-21.5	-19.7	-20.5	1.8	0.8	9.4
IL_10.3	7.14	9.27	0.16	12.3	31.4	0.21	32.1	11.1	31.9	-16.9	-18.5	-16.5	-18.0	1.6	1.5	2.4
IL_10.3	8.44	10.54	0.19	11.1	31.4	0.23	32.1	9.1	31.8	-16.4	-18.3	-16.2	-18.2	2.0	2.0	2.6
IL_10.3	6.61	10.59	0.17	9.6	31.4	0.33	31.9	11.0	31.9	-19.9	-22.0	-19.8	-21.5	2.1	1.7	11.6
IL_11.1	4.74	5.94	0.11	13.3	31.5	0.21	32.2	11.4	32.1	-19.1	-21.0	-18.2	-20.4	1.9	2.2	7.9
IL_11.1	5.74	6.77	0.13	13.3	31.4	0.22	32.1	9.6	31.9	-19.2	-20.3	-18.6	-19.5	1.1	0.9	4.8
IL_11.1	4.89	8.68	0.14	13.4	31.3	0.14	32.1	14.8	31.7	-19.1	-21.0	-18.6	-20.7	1.9	2.1	7.7
IL_11.2	9.56	10.04	0.20	10.5	31.4	0.24	32.1	10.2	31.7	NA	NA	NA	NA	NA	NA	3.2
IL_11.2	7.20	7.32	0.15	12.0	31.3	0.21	32.0	7.5	31.8	-18.3	-19.9	-18.0	-19.7	1.6	1.7	6.1
IL_11.3	3.72	3.84	0.08	13.9	31.4	0.26	32.1	10.7	32.0	-16.3	-17.8	-16.4	-17.1	1.5	0.6	12.6
IL_11.3	5.53	5.96	0.11	10.6	31.5	0.17	32.1	11.5	31.9	-16.9	-18.4	-16.8	-17.9	1.5	1.1	1.5
IL_11.3	5.66	5.48	0.11	12.5	31.3	0.10	32.1	16.2	31.7	-15.7	-16.8	-15.3	-16.2	1.1	0.9	7.8
IL_11.4	5.78	2.92	0.09	13.3	31.5	0.19	32.3	13.1	31.9	-16.6	-18.1	-16.3	-17.7	1.4	1.4	9.7
IL_11.4	6.33	5.75	0.12	12.6	31.4	0.28	32.1	10.0	31.8	-19.4	-21.3	-18.8	-20.4	1.9	1.6	6.1
IL_11.4	7.26	7.55	0.15	10.8	31.3	0.18	32.1	10.7	31.7	-18.8	-21.3	-19.0	-21.0	2.4	2.1	8.8
IL_11.4.1	5.28	6.35	0.12	13.0	31.3	0.23	32.1	10.5	31.8	-18.7	-21.3	-18.5	-20.6	2.5	2.1	5.2
IL_11.4.1	6.55	6.93	0.13	11.8	31.3	0.27	32.1	8.7	31.8	-18.4	-20.8	-18.5	-20.2	2.4	1.7	4.2
IL_11.4.1	8.06	11.41	0.19	11.7	31.3	0.15	32.0	13.0	31.6	-19.0	-20.4	-18.7	-19.8	1.4	1.2	6.7
IL_12.1	5.97	7.75	0.14	12.6	31.2	0.20	32.1	11.4	31.7	-17.2	-18.5	-16.9	-17.9	1.3	1.0	8.7
IL_12.1	6.39	7.68	0.14	12.5	31.3	0.24	32.1	9.1	31.7	-16.9	-18.6	-16.2	-17.9	1.8	1.7	12.8
IL_12.1.1	6.28	5.10	0.11	13.5	31.3	0.25	32.1	13.6	31.8	-17.7	-20.2	-17.6	-19.6	2.5	1.9	10.8
IL_12.1.1	5.05	5.45	0.11	13.9	31.4	0.26	32.1	8.6	31.9	-18.3	-19.1	-18.3	-18.6	0.8	0.3	6.9
IL_12.1.1	7.52	8.82	0.16	10.4	31.3	0.20	32.0	13.7	31.7	-18.0	-19.5	-18.0	-19.2	1.5	1.1	9.1
IL_12.2	5.41	6.19	0.12	12.8	31.3	0.23	32.1	9.8	31.8	-17.3	-19.4	-18.0	-18.4	2.1	0.4	5.8
IL_12.2	5.14	4.86	0.10	12.1	31.4	0.19	32.1	8.4	31.9	NA	NA	NA	NA	NA	NA	3.1
IL_12.3	5.14	8.88	0.14	13.5	31.4	0.17	32.1	9.9	31.9	-16.8	-19.1	-16.6	-18.7	2.3	2.0	11.7
IL_12.3	4.98	10.61	0.16	13.6	31.4	0.16	32.1	10.6	31.8	-17.9	-20.2	-17.6	-19.8	2.4	2.1	7.2
IL_12.3	4.77	8.02	0.13	13.3	31.3	0.08	32.2	14.0	31.7	-19.0	-21.0	-18.2	-20.0	2.0	1.8	9.6
IL_12.3.1	5.43	4.11	0.10	13.0	31.5	0.35	32.1	11.6	31.9	-16.9	-18.5	-16.5	-17.8	1.6	1.3	9.5
IL_12.3.1	5.90	7.61	0.14	11.9	31.4	0.22	32.1	9.1	31.8	-15.6	-16.8	-15.3	-16.5	1.2	1.2	5.1
IL_12.3.1	6.28	9.90	0.16	12.4	31.2	0.13	32.1	12.9	31.6	-19.9	-22.1	-20.5	-22.2	2.2	1.6	10.3
IL_12.4	6.22	5.98	0.12	13.8	31.3	0.24	32.1	11.0	31.8	-18.0	-19.3	-17.3	-18.6	1.3	1.4	8.6
IL_12.4	5.66	6.57	0.12	13.4	31.4	0.23	32.1	10.1	31.8	-16.5	-18.6	-16.2	-18.0	2.1	1.8	7.8
IL_12.4	7.39	9.88	0.17	12.1	31.3	0.16	32.1	12.4	31.6	-20.2	-22.4	-20.2	-21.9	2.2	1.6	5.8
IL_12.4.1	6.82	5.22	0.12	12.6	31.4	0.31	32.1	12.3	31.9	-18.8	-20.9	-18.9	-20.5	2.1	1.6	3.2
IL_12.4.1	6.93	7.02	0.14	11.3	31.5	0.27	32.1	8.8	31.9	-20.3	-21.6	-20.7	-21.1	1.3	0.4	3.3
IL_12.4.1	8.30	6.82	0.15	12.0	31.4	0.24	32.1	14.6	31.8	NA	NA	NA	NA	NA	NA	4.4
IL_2.1	7.33	5.30	0.13	12.5	31.3	0.29	32.1	12.7	31.8	-20.0	-21.6	-20.7	-21.3	1.6	0.6	7.6
IL_2.1	7.58	5.53	0.13	12.2	31.3	0.21	32.1	11.7	31.8	-19.2	-21.5	-18.9	-21.1	2.3	2.3	2.3
IL_2.1	8.32	5.65	0.14	12.4	31.3	0.22	32.1	16.1	31.7	-17.3	-18.3	-17.0	-18.0	1.1	1.0	7.1
IL_2.1.1	6.54	6.73	0.13	12.9	31.4	0.10	32.0	15.6	31.8	-16.4	-18.0	-16.4	-17.6	1.6	1.3	0.2
IL_2.1.1	4.74	6.27	0.11	14.0	31.4	0.09	32.2	8.5	31.9	-18.4	-19.8	-15.7	-18.8	1.4	3.1	1.0
IL_2.1.1	7.49	7.96	0.15	12.1	31.3	0.09	32.1	14.5	31.7	-18.5	-20.2	-16.9	-19.6	1.6	2.6	8.7
IL_2.3	6.04	5.88	0.12	12.5	31.3	0.23	32.1	14.6	31.9	-18.2	-20.1	-17.5	-19.5	1.8	2.0	8.9
IL_2.3	7.25	7.03	0.14	13.1	31.5	0.19	32.1	9.9	31.8	-16.0	-17.8	-15.7	-17.4	1.8	1.8	1.7
IL_2.3	10.26	8.78	0.19	12.3	31.4	0.15	32.1	17.7	31.8	-16.9	-18.6	-17.1	-18.1	1.7	0.9	5.8
IL_2.4	5.63	4.42	0.10	14.0	31.4	0.33	32.1	13.6	31.9	-19.8	-21.1	-19.5	-20.5	1.3	1.0	7.8
IL_2.4	7.61	5.81	0.13	10.6	31.5	0.26	32.1	7.6	31.8	-14.6	-16.0	-15.4	-15.8	1.3	0.4	2.7
IL_2.5	5.18	3.60	0.09	12.8	31.8	0.32	32.3	13.0	32.3	-17.6	-19.2	-17.3	-18.8	1.6	1.5	9.2
IL_2.5	7.81	13.91	0.22	11.0	31.5	0.05	32.1	9.2	31.8	-17.1	-18.3	-17.3	-18.0	1.1	0.6	1.2
IL_2.5	7.17	7.37	0.15	13.2	31.5	0.22	32.1	14.6	31.9	-17.9	-18.4	-18.1	-18.3	0.5	0.3	5.4
IL_2.6	7.69	7.15	0.15	12.3	31.3	0.04	32.1	14.0	31.8	-17.5	-18.4	-17.6	-18.2	0.9	0.6	1.0
IL_2.6	7.91	9.43	0.17	11.2	31.3	0.12	32.1	17.1	31.8	-16.8	-18.3	-16.5	-18.0	1.6	1.5	1.7
IL_2.6	8.67	8.26	0.17	12.2	31.3	0.18	32.1	17.3	31.8	-17.4	-19.3	-16.7	-19.1	1.9	2.3	5.0
IL_2.6.5	8.94	9.29	0.18	11.6	31.3	0.23	32.1	12.4	31.8	NA	NA	NA	NA	NA	NA	4.6
IL_2.6.5	5.30	9.93	0.15	12.5	31.4	0.11	32.1	9.1	31.7	-16.3	-17.9	-16.4	-17.7	1.6	1.3	1.5
IL_3.1	7.85	8.50	0.16	12.6	31.3	0.25	32.1	11.2	31.7	-16.4	-18.1	-16.5	-17.7	1.6	1.2	10.4
IL_3.1	9.84	11.59	0.21	12.9	31.3	0.21	32.0	14.3	31.7	-15.9	-17.2	-15.4	-16.8	1.3	1.4	3.6
IL_3.1	7.22	6.37	0.14	12.5	31.3	0.09	32.1	16.6	31.7	-15.1	-16.4	-14.5	-16.0	1.3	1.4	3.7
IL_3.2	13.09	12.61	0.26	11.9	31.3	0.23	32.1	16.1	31.8	-16.6	-19.1	-17.2	-18.6	2.6	1.4	6.6
IL_3.2	9.71	14.35	0.24	11.6	31.4	0.16	32.1	12.4	31.8	-17.9	-19.6	-17.5	-19.0	1.7	1.4	2.9
IL_3.2	12.15	15.67	0.28	11.5	31.3	0.13	32.1	17.7	31.7	-16.6	-18.2	-16.2	-17.9	1.7	1.6	6.8
IL_3.3	6.90	9.32	0.16	11.8	31.3	0.20	32.1	10.7	31.8	-15.7	-17.5	-15.5	-17.3	1.8	1.9	3.8
IL_3.3	6.59	9.60	0.16	11.1	31.3	0.08	32.1	11.7	31.9	-18.9	-20.7	-18.8	-20.1	1.8	1.2	0.6
IL_3.3	6.06	8.56	0.15	11.6	31.4	0.15	32.1	13.5	31.8	-20.8	-22.3	-21.3	-22.2	1.6	0.8	4.5
IL_3.4	6.36	7.93	0.14	10.6	31.5	0.10	32.1	12.4	32.0	-17.8	-19.2	-17.8	-18.9	1.4	1.1	1.2
IL_3.4	7.51	8.36	0.16	9.8	31.3	0.05	32.1	14.7	31.7	-16.5	-17.5	-15.9	-16.5	0.9	0.6	0.9
IL_3.4	5.88	7.32	0.13	11.6	31.4	0.19	31.9	7.8	31.8	-16.9	-21.0	-16.1	-19.2	4.0	3.1	3.9
IL_3.5	8.16	6.23	0.14	12.8	31.3	0.25	32.1	14.5	31.8	-12.9	-14.3	-13.2	-13.8	1.5	0.5	9.7
IL_3.5	6.52	5.23	0.12	12.7	31.5	0.18	32.1	8.2	31.9	-17.3	-18.8	-17.0	-18.2	1.6	1.2	1.8
IL_3.5	8.35	7.10	0.15	12.2	31.3	0.08	32.1	17.5	31.6	-15.1	-16.0	-15.4	-15.7	1.0	0.3	9.7
IL_4.1	7.58	4.41	0.12	12.5	31.4	0.44	32.1	13.5	31.9	-19.8	-21.6	-20.3	-20.6	1.8	0.4	5.4
IL_4.1	6.08	4.38	0.10	13.7	31.4	0.15	32.0	9.2	31.8	-17.8	-18.3	-17.4	-18.0	0.5	0.6	1.7
IL_4.1	8.56	6.40	0.15	12.3	31.3	0.22	32.1	16.4	31.8	-17.6	-19.3	-17.7	-18.8	1.7	1.1	7.3
IL_4.1.1	5.94	8.52	0.14	13.7	31.1	0.17	32.0	14.8	31.6	-17.0	-19.0	NA	-18.9	2.0	NA	10.6
IL_4.2	4.49	5.14	0.10	13.5	31.3	0.05	32.1	13.9	31.8	-18.5	-20.3	-18.4	-19.9	1.7	1.5	1.1
IL_4.2	5.12	8.03	0.13	13.4	31.2	0.18	32.0	12.6	31.6	-16.5	-18.6	-16.4	-18.2	2.0	1.8	5.9
IL_4.2	7.26	10.48	0.18	11.2	31.1	0.13	32.0	15.2	31.5	-17.3	-18.9	-16.9	-18.5	1.6	1.5	6.8
IL_4.3	4.82	10.35	0.15	13.1	31.3	0.13	32.0	9.1	31.8	-19.0	-19.3	-17.5	-18.6	0.3	1.1	2.5
IL_4.3	4.80	9.83	0.15	12.2	31.4	0.15	32.1	7.0	31.8	-17.1	-17.3	NA	-16.9	0.2	NA	2.4
IL_4.3	7.86	15.19	0.23	12.8	31.2	0.11	32.0	16.6	31.5	-15.7	-16.7	-15.6	-16.1	1.0	0.5	8.0
IL_4.3.2	6.29	7.71	0.14	12.3	31.3	0.12	32.1	10.8	31.9	-15.6	-17.0	-15.3	-16.6	1.4	1.3	1.3
IL_4.3.2	6.34	10.80	0.17	14.2	31.0	0.00	32.0	5.8	31.1	-19.7	-20.9	-19.2	-20.2	1.2	1.0	0.2
IL_4.3.2	6.27	8.89	0.15	11.7	31.2	0.14	32.0	12.6	31.6	-18.1	-19.3	-17.8	-18.7	1.2	0.9	8.0
IL_4.4	5.07	6.53	0.12	14.3	31.4	0.21	32.1	11.1	31.9	-18.1	-20.5	-18.3	-20.0	2.4	1.7	11.9
IL_4.4	5.94	8.26	0.14	13.0	31.4	0.21	32.1	7.6	31.7	-19.3	-20.3	-16.9	-19.4	1.0	2.5	3.2
IL_4.4	8.66	7.76	0.16	10.8	31.4	0.09	32.1	14.8	31.6	-16.2	-17.7	-16.3	-17.3	1.5	0.9	7.0
IL_5.1	7.04	9.35	0.16	12.5	31.4	0.19	32.1	10.1	31.9	-17.5	-18.8	-16.3	-17.5	1.3	1.2	2.3
IL_5.1	5.39	6.04	0.11	13.8	31.4	0.24	32.1	7.9	31.8	-20.1	-21.1	-18.8	-20.6	1.0	1.8	4.6
IL_5.1	6.59	9.26	0.16	10.1	31.4	0.29	31.9	10.9	31.9	-16.4	-18.2	-16.1	-17.9	1.8	1.8	7.6
IL_5.2	6.63	7.88	0.15	12.9	31.4	0.13	32.2	9.0	31.9	-17.1	-18.8	-16.9	-18.1	1.6	1.2	2.0
IL_5.2	7.16	10.99	0.18	9.6	31.5	0.13	32.1	14.9	31.8	-18.2	-20.0	-18.5	-19.3	1.8	0.9	1.1
IL_5.4	6.30	5.44	0.12	12.4	31.3	0.25	32.1	9.3	31.8	-18.0	-20.1	-17.6	-19.6	2.2	2.0	2.8
IL_5.4	6.96	7.04	0.14	11.0	31.3	0.14	32.1	14.4	31.7	-16.0	-17.9	-15.8	-17.4	1.9	1.7	0.5
IL_5.4	8.12	6.91	0.15	11.1	31.1	0.19	32.0	13.7	31.5	-17.7	-20.0	-17.6	-19.9	2.4	2.3	7.0
IL_5.5	9.37	6.92	0.16	12.9	31.3	0.30	32.0	13.7	31.8	-17.1	-20.1	-15.8	-19.0	2.9	3.1	8.8
IL_6.1	7.23	4.84	0.12	13.0	31.5	0.18	32.2	10.8	32.0	-16.9	-18.3	-16.5	-17.8	1.4	1.3	1.6
IL_6.1	6.91	6.04	0.13	12.8	31.5	0.28	32.2	10.2	31.9	-16.9	-18.6	-16.4	-18.3	1.7	1.9	3.9
IL_6.1	11.32	10.07	0.21	11.7	31.4	0.16	32.1	15.9	31.7	-17.9	-20.5	-16.1	-19.4	2.6	3.4	5.3
IL_6.2	7.78	10.07	0.18	11.2	31.4	0.17	32.1	17.0	31.9	-16.5	-17.6	-16.3	-17.2	1.1	0.9	7.6
IL_6.2	6.12	9.76	0.16	10.2	31.5	0.14	32.2	8.5	31.9	-16.7	-18.7	-17.5	-17.9	2.1	0.4	1.5
IL_6.2	7.10	9.06	0.16	12.7	31.3	0.15	32.1	15.8	31.7	-20.3	-23.3	-20.6	-22.5	3.0	1.8	8.7
IL_6.2.2	6.31	9.00	0.15	11.6	31.4	0.16	32.1	13.6	31.9	-17.9	-20.4	-17.8	-19.4	2.4	1.6	3.0
IL_6.2.2	6.18	7.40	0.14	14.5	31.2	0.10	31.9	16.9	31.5	-16.0	-18.1	-15.8	-17.7	2.1	1.9	0.5
IL_6.2.2	10.32	10.58	0.21	10.2	31.4	0.19	32.0	18.7	31.7	-17.8	-20.0	-18.0	-19.4	2.2	1.4	0.7
IL_6.3	7.41	7.46	0.15	12.7	31.4	0.23	32.1	12.6	31.8	-16.1	-17.6	-15.5	-17.5	1.5	2.1	10.1
IL_6.3	5.59	10.93	0.17	12.4	31.4	0.16	32.1	7.0	31.8	-19.3	-22.3	-19.4	-21.4	3.0	2.0	1.5
IL_6.3	8.34	9.39	0.18	11.8	31.3	0.08	32.1	15.7	31.6	-18.6	-19.6	-18.2	-19.3	1.0	1.0	9.6
IL_6.4	7.50	12.64	0.20	11.8	31.2	0.17	32.0	12.1	31.6	-18.4	-20.4	-18.0	-19.7	2.1	1.7	8.1
IL_6.4	8.23	7.62	0.16	11.0	31.4	0.25	32.1	10.1	31.8	-19.8	-22.6	-19.7	-21.8	2.8	2.1	2.5
IL_6.4	6.39	8.15	0.15	9.9	31.3	0.31	31.9	11.8	31.8	-17.7	-19.4	-17.5	-18.7	1.7	1.2	8.5
IL_7.2	8.23	6.35	0.15	11.4	31.4	0.15	32.1	13.3	31.8	-18.1	-20.6	-18.1	-20.3	2.4	2.3	1.0
IL_7.2	6.19	4.93	0.11	13.6	31.3	0.35	32.1	9.8	31.8	-19.5	-21.4	-19.2	-20.4	1.9	1.2	7.8
IL_7.2	7.74	3.83	0.12	11.0	31.3	0.14	32.2	14.1	31.7	-17.7	-18.6	-17.6	-17.9	0.8	0.3	7.6
IL_7.3	4.98	4.02	0.09	12.6	31.4	0.32	32.2	10.2	32.0	-19.6	-20.9	-19.5	-21.2	1.4	1.6	9.1
IL_7.3	6.31	6.15	0.12	12.4	31.4	0.31	32.1	10.1	31.9	-16.8	-18.6	-16.0	-17.5	1.8	1.5	9.7
IL_7.3	7.72	6.16	0.14	10.8	31.3	0.12	32.2	12.7	31.8	-18.9	-21.2	-19.0	-20.2	2.3	1.1	8.8
IL_7.4	8.46	12.24	0.21	13.3	31.4	0.10	32.1	18.2	31.7	-19.2	-21.0	-18.5	-19.9	1.8	1.4	1.2
IL_7.4	6.97	8.05	0.15	11.8	31.4	0.21	32.2	10.2	31.9	-17.5	-18.8	-17.7	-19.1	1.3	1.4	2.8
IL_7.4	7.79	9.78	0.18	12.1	31.3	0.14	32.1	15.6	31.7	-18.5	-19.7	-18.0	-19.6	1.2	1.7	7.3
IL_7.4.1	5.86	8.91	0.15	12.6	31.3	0.23	32.0	9.9	31.8	-17.5	-19.3	-17.4	-18.1	1.8	0.7	6.0
IL_7.4.1	5.16	6.33	0.11	11.5	31.4	0.22	32.1	11.0	31.9	-18.4	-20.0	-17.9	-19.7	1.7	1.8	6.7
IL_7.5	6.91	5.43	0.12	14.3	31.4	0.28	32.1	14.2	31.9	-17.5	-19.4	-17.2	-18.7	1.9	1.6	12.5
IL_7.5	5.79	5.36	0.11	14.1	31.5	0.17	32.2	9.1	32.0	-17.3	-18.9	-16.8	-18.0	1.7	1.3	1.7
IL_7.5	8.78	8.47	0.17	11.7	31.3	0.15	32.1	15.7	31.8	-18.1	-19.4	-17.4	-18.9	1.4	1.5	8.7
IL_7.5.5	5.43	3.88	0.09	13.9	31.4	0.33	32.2	12.1	32.1	-16.2	-18.2	-15.8	-17.6	2.0	1.7	10.3
IL_7.5.5	5.77	4.24	0.10	13.7	31.5	0.31	32.2	8.7	32.0	-17.8	-19.0	-17.6	-18.2	1.2	0.6	4.5
IL_7.5.5	7.32	4.53	0.12	12.9	31.4	0.14	32.2	16.3	31.8	-17.8	-19.3	-17.7	-18.4	1.4	0.6	5.7
IL_8.1	5.29	5.19	0.10	13.2	31.3	0.26	32.1	12.4	31.9	-19.6	-21.6	-19.2	-21.1	2.0	1.9	8.5
IL_8.1	3.34	3.25	0.07	12.8	31.5	0.18	32.2	9.2	32.1	-19.7	-21.5	-19.2	-20.9	1.8	1.7	3.0
IL_8.1	5.48	6.27	0.12	14.7	31.4	0.21	32.1	12.5	31.8	-17.7	-19.6	-17.3	-18.9	1.9	1.6	7.9
IL_8.1.1	7.67	8.92	0.17	11.9	31.3	0.20	32.1	12.7	31.8	-17.9	-19.6	-17.5	-18.7	1.7	1.2	6.1
IL_8.1.1	5.96	6.41	0.12	12.5	31.4	0.22	32.1	7.4	31.9	-19.8	-22.9	-20.1	-22.4	3.1	2.3	1.8
IL_8.1.1	4.74	7.29	0.12	10.0	31.3	0.30	31.9	11.2	31.9	-19.5	-21.5	-19.3	-20.8	2.0	1.5	8.9
IL_8.1.3	7.06	6.82	0.14	12.3	31.4	0.07	32.0	7.3	31.9	-18.0	-20.2	-17.5	-19.5	2.2	2.0	1.0
IL_8.2.1	6.94	6.02	0.13	11.4	31.0	0.30	32.1	9.0	31.7	-19.5	-20.6	-19.1	-19.9	1.1	0.7	10.3
IL_8.2.1	5.29	5.30	0.11	14.5	31.4	0.28	32.1	9.0	31.8	-16.9	-18.8	-17.3	-18.1	1.9	0.8	8.9
IL_8.2.1	10.39	9.76	0.20	11.1	31.4	0.19	32.1	12.4	31.6	-17.5	-19.1	-17.2	-18.8	1.7	1.6	6.6
IL_8.3	5.48	5.28	0.11	14.2	31.3	0.25	32.1	12.6	31.8	-18.4	-20.1	-18.3	-19.4	1.7	1.2	5.9
IL_8.3	4.55	3.74	0.08	16.2	31.4	0.27	32.1	9.7	31.9	-18.1	-20.4	-18.1	-19.5	2.3	1.4	4.4
IL_8.3	7.66	8.58	0.16	10.5	31.3	0.16	32.0	17.0	31.7	-19.7	-21.1	-19.4	-20.4	1.3	1.0	4.8
IL_8.3.1	6.00	5.02	0.11	13.7	31.3	0.31	32.1	12.3	31.9	-19.0	-19.8	-18.5	-19.2	0.7	0.7	4.3
IL_8.3.1	6.67	9.32	0.16	11.3	31.4	0.19	32.1	7.8	31.8	-19.0	-20.4	-18.5	-20.0	1.4	1.6	2.8
IL_8.3.1	9.50	9.17	0.19	11.8	31.2	0.18	32.0	17.0	31.6	-17.1	-18.8	-16.9	-18.4	1.7	1.6	4.2
IL_9.1	6.50	6.20	0.13	13.0	31.4	0.28	32.1	9.5	31.9	-18.2	-20.0	-17.8	-19.4	1.9	1.6	11.7
IL_9.1	7.20	6.08	0.13	13.9	31.4	0.20	32.1	8.5	31.9	-17.7	-19.6	-17.8	-18.4	1.9	0.7	1.0
IL_9.1	11.83	9.92	0.22	11.9	31.3	0.16	32.0	15.6	31.6	-18.4	-20.8	-18.0	-19.8	2.4	1.8	6.2
IL_9.1.2	6.17	4.79	0.11	12.6	31.4	0.32	32.1	10.3	31.9	-18.1	-20.1	-17.9	-19.5	2.0	1.6	4.8
IL_9.1.2	6.32	5.92	0.12	13.7	31.3	0.24	32.1	9.8	31.7	-18.5	-21.0	-18.4	-20.6	2.6	2.2	4.8
IL_9.1.2	7.29	7.23	0.15	12.5	31.3	0.17	32.1	14.5	31.6	-18.3	-20.2	-17.8	-19.0	1.9	1.1	6.9
IL_9.1.3	10.71	5.25	0.16	12.4	31.4	0.00	32.0	10.1	31.9	-16.7	-18.4	-15.9	-17.7	1.7	1.8	0.1
IL_9.1.3	6.61	2.75	0.09	13.3	31.5	0.00	32.0	16.2	32.0	-19.2	-21.6	-18.7	-20.6	2.4	1.9	1.4
IL_9.1.3	9.29	6.56	0.16	10.5	31.5	0.22	32.1	13.7	31.9	-17.5	-19.6	-17.2	-18.9	2.1	1.8	6.6
IL_9.2	4.95	3.09	0.08	13.2	31.5	0.35	32.2	11.9	32.0	-17.5	-19.2	-17.0	-18.7	1.8	1.7	7.3
IL_9.2	6.15	5.85	0.12	11.9	31.3	0.29	32.1	9.1	31.9	-18.1	-20.1	-17.8	-19.5	1.9	1.7	11.4
IL_9.2	5.80	4.41	0.10	13.4	31.4	0.24	32.1	14.9	31.9	-18.0	-20.0	-17.5	-19.0	2.0	1.5	6.5
IL_9.2.5	4.51	3.60	0.08	13.7	31.4	0.29	32.1	11.7	32.0	-17.8	-20.8	-18.5	-19.6	2.9	1.1	12.2
IL_9.2.5	5.07	3.69	0.09	13.7	31.5	0.23	32.2	12.4	32.0	-18.3	-20.1	-17.9	-19.8	1.8	1.9	2.4
IL_9.2.5	6.31	7.93	0.14	12.7	31.3	0.17	32.1	13.2	31.7	-17.4	-19.6	-17.0	-19.1	2.2	2.1	6.4
IL_9.2.6	6.67	9.22	0.16	12.1	31.4	0.14	32.1	10.2	31.9	-20.5	-22.2	-20.4	-21.5	1.7	1.1	2.7
IL_9.2.6	8.05	7.41	0.15	11.7	31.4	0.29	32.1	11.2	31.8	-17.7	-19.5	-16.7	-18.7	1.8	2.1	6.5
IL_9.2.6	5.31	7.63	0.13	12.7	31.3	0.16	32.1	11.7	31.6	-19.8	-21.9	-19.2	-21.1	2.1	1.9	10.5
IL_9.3	5.82	5.32	0.11	12.7	31.3	0.26	32.1	12.5	31.9	-18.9	-20.6	-18.2	-19.6	1.7	1.3	6.6
IL_9.3	5.39	5.83	0.11	12.7	31.2	0.26	32.0	8.9	31.6	-20.2	-22.2	-20.3	-21.6	2.0	1.4	6.1
IL_9.3	5.63	5.01	0.11	11.9	31.2	0.33	31.9	13.4	31.7	-17.6	-19.3	-17.3	-18.5	1.7	1.2	5.1
IL_9.3.1	5.58	5.59	0.11	13.0	31.2	0.26	32.1	11.2	31.7	-17.4	-19.8	-17.2	-19.1	2.4	1.9	6.9
IL_9.3.1	5.50	6.31	0.12	12.0	31.3	0.17	32.1	6.1	31.8	-16.8	-18.6	-16.9	-17.7	1.8	0.8	2.4
IL_9.3.1	7.89	11.76	0.20	10.2	31.0	0.07	32.0	14.0	31.5	-17.0	-18.7	-16.9	-17.8	1.7	1.0	11.6
IL_9.3.2	6.54	10.62	0.17	13.8	31.4	0.15	32.1	12.8	31.9	-20.7	-22.9	-20.2	-22.3	2.3	2.1	7.1
IL_9.3.2	6.37	13.54	0.20	11.3	31.4	0.15	32.1	9.9	31.8	-19.5	-20.8	-19.0	-20.5	1.3	1.5	4.8
IL_9.3.2	6.16	9.37	0.16	10.5	31.2	0.21	32.0	10.9	31.7	-16.6	-17.1	-16.1	-16.8	0.5	0.7	11.3
